--- 
- time_to_access: 55.130556
  scan_count: 6228
  file_size: 32688212
  scans_to_read: all
  total_time_to_read_and_access: 60.671214
  time_to_read: 5.540634
  lazy_type: :io_bad
  end_time: 12005.07
  start_time: 300.09
  file: 4aE.mzXML
--- 
- time_to_access: 54.231791
  scan_count: 5963
  file_size: 32080466
  scans_to_read: all
  total_time_to_read_and_access: 59.745607
  time_to_read: 5.513795
  lazy_type: :io_bad
  end_time: 11997.85
  start_time: 300.04
  file: 4aF_030325142640.mzXML
