--- 
- time_to_access: 1.529011
  scan_count: 6228
  file_size: 32688212
  scans_to_read: all
  total_time_to_read_and_access: 47.208912
  time_to_read: 45.679876
  lazy_type: :string
  end_time: 12005.07
  start_time: 300.09
  file: 4aE.mzXML
--- 
- time_to_access: 2.853686
  scan_count: 5963
  file_size: 32080466
  scans_to_read: all
  total_time_to_read_and_access: 44.232771
  time_to_read: 41.379058
  lazy_type: :string
  end_time: 11997.85
  start_time: 300.04
  file: 4aF_030325142640.mzXML
