--- 
- time_to_access: 64.873906
  scan_count: 6114
  file_size: 36108684
  scans_to_read: all
  total_time_to_read_and_access: 71.070625
  time_to_read: 6.196693
  lazy_type: :io_bad
  end_time: 11998.94
  start_time: 300.1099
  file: 1940_1ul02_030331162830.mzXML
--- 
- time_to_access: 9.449145
  scan_count: 4255
  file_size: 6746277
  scans_to_read: all
  total_time_to_read_and_access: 11.970802
  time_to_read: 2.521634
  lazy_type: :io_bad
  end_time: 11998.42
  start_time: 300.1
  file: 1940_7ul.mzXML
--- 
- time_to_access: 64.382458
  scan_count: 6180
  file_size: 36022695
  scans_to_read: all
  total_time_to_read_and_access: 70.524203
  time_to_read: 6.14172
  lazy_type: :io_bad
  end_time: 11999.69
  start_time: 300.1
  file: 970_7ul.mzXML
--- 
- time_to_access: 59.411801
  scan_count: 5548
  file_size: 33666284
  scans_to_read: all
  total_time_to_read_and_access: 65.253243
  time_to_read: 5.841418
  lazy_type: :io_bad
  end_time: 12003.14
  start_time: 300.09
  file: 970_1ul.mzXML
