--- 
- time_to_access: 28.108043
  scan_count: 6228
  file_size: 32688212
  scans_to_read: all
  total_time_to_read_and_access: 32.727243
  time_to_read: 4.619178
  lazy_type: :io_good
  end_time: 12005.07
  start_time: 300.09
  file: 4aE.mzXML
--- 
- time_to_access: 26.777588
  scan_count: 5963
  file_size: 32080466
  scans_to_read: all
  total_time_to_read_and_access: 32.230483
  time_to_read: 5.452869
  lazy_type: :io_good
  end_time: 11997.85
  start_time: 300.04
  file: 4aF_030325142640.mzXML
