--- 
- time_to_access: 0.033751
  scan_count: 6114
  file_size: 36108684
  scans_to_read: all
  total_time_to_read_and_access: 39.679878
  time_to_read: 39.646104
  lazy_type: :not
  end_time: 11998.94
  start_time: 300.1099
  file: 1940_1ul02_030331162830.mzXML
--- 
- time_to_access: 0.023299
  scan_count: 4255
  file_size: 6746277
  scans_to_read: all
  total_time_to_read_and_access: 8.816689
  time_to_read: 8.793367
  lazy_type: :not
  end_time: 11998.42
  start_time: 300.1
  file: 1940_7ul.mzXML
--- 
- time_to_access: 0.035266
  scan_count: 6180
  file_size: 36022695
  scans_to_read: all
  total_time_to_read_and_access: 40.657545
  time_to_read: 40.622258
  lazy_type: :not
  end_time: 11999.69
  start_time: 300.1
  file: 970_7ul.mzXML
--- 
- time_to_access: 0.031281
  scan_count: 5548
  file_size: 33666284
  scans_to_read: all
  total_time_to_read_and_access: 41.753815
  time_to_read: 41.722512
  lazy_type: :not
  end_time: 12003.14
  start_time: 300.09
  file: 970_1ul.mzXML
