--- 
- time_to_access: 3.494958
  scan_count: 6114
  file_size: 36108684
  scans_to_read: all
  total_time_to_read_and_access: 55.652745
  time_to_read: 52.157764
  lazy_type: :string
  end_time: 11998.94
  start_time: 300.1099
  file: 1940_1ul02_030331162830.mzXML
--- 
- time_to_access: 1.340543
  scan_count: 4255
  file_size: 6746277
  scans_to_read: all
  total_time_to_read_and_access: 9.531935
  time_to_read: 8.191365
  lazy_type: :string
  end_time: 11998.42
  start_time: 300.1
  file: 1940_7ul.mzXML
--- 
- time_to_access: 2.321333
  scan_count: 6180
  file_size: 36022695
  scans_to_read: all
  total_time_to_read_and_access: 52.248823
  time_to_read: 49.927464
  lazy_type: :string
  end_time: 11999.69
  start_time: 300.1
  file: 970_7ul.mzXML
--- 
- time_to_access: 3.369794
  scan_count: 5548
  file_size: 33666284
  scans_to_read: all
  total_time_to_read_and_access: 49.823428
  time_to_read: 46.453609
  lazy_type: :string
  end_time: 12003.14
  start_time: 300.09
  file: 970_1ul.mzXML
